$ 1 0.000005 10.20027730826997 50 5 43 5e-11
x -584 -400 -153 -397 4 40 4BITS\sRING\sCOUNTER
155 -784 -256 -480 -256 1026 0
155 -624 -256 -320 -256 1026 0
155 -464 -256 -160 -256 1026 5
155 -304 -256 0 -256 1028 0
w -304 -256 -368 -256 0
w -464 -256 -528 -256 0
w -624 -256 -688 -256 0
w -784 -256 -784 -368 0
w -208 -256 -208 -368 0
w -784 -368 -208 -368 0
w -688 -192 -688 -64 0
w -528 -192 -528 -64 0
w -368 -192 -368 -64 0
w -208 -192 -208 -64 0
w -688 -64 -528 -64 0
w -528 -64 -368 -64 0
w -368 -64 -208 -64 0
w -208 -64 -128 -64 0
L -128 -64 16 -64 0 0 false 5 0
x -17 -24 37 -21 4 24 /CLR
R -160 -128 0 -128 0 2 70 5 0 0 0.5
w -160 -128 -160 -224 0
w -160 -224 -208 -224 0
w -160 -128 -352 -128 0
w -352 -128 -352 -224 0
w -352 -224 -368 -224 0
w -352 -128 -512 -128 0
w -512 -128 -512 -224 0
w -512 -224 -528 -224 0
w -512 -128 -672 -128 0
w -672 -128 -672 -224 0
w -672 -224 -688 -224 0
x -23 -174 23 -171 4 24 CLK
