$ 1 0.000005 10.20027730826997 50 5 43 5e-11
152 448 240 80 240 0 3 0 5
154 464 416 96 416 0 3 5 5
150 624 240 480 240 0 2 0 5
150 624 320 480 320 0 2 0 5
w 672 48 672 128 0
w 752 48 752 144 0
w 800 48 800 160 0
150 624 160 480 160 0 2 0 5
w 624 144 672 144 0
w 672 128 672 144 0
w 624 176 752 176 0
w 752 144 752 176 0
w 624 224 752 224 0
w 752 176 752 224 0
w 624 256 800 256 0
w 800 160 800 256 0
w 672 144 672 304 0
w 624 304 672 304 0
w 800 256 800 336 0
w 624 336 800 336 0
w 752 224 752 352 0
w 672 304 672 352 0
w 800 336 800 352 0
w 464 400 672 400 0
w 464 416 752 416 0
w 464 432 800 432 0
w 800 352 800 432 0
w 752 352 752 416 0
w 672 352 672 400 0
w 480 160 448 224 0
w 480 240 448 240 0
w 480 320 448 256 0
w 96 416 96 544 0
w 800 48 800 -64 0
w -96 128 -96 16 0
w -416 400 -448 336 0
w -416 320 -448 320 0
w -416 240 -448 304 0
w -224 432 -224 480 0
w -144 432 -144 496 0
w -96 432 -96 512 0
w -432 512 -96 512 0
w -432 496 -144 496 0
w -432 480 -224 480 0
w -96 416 -96 432 0
w -224 384 -224 432 0
w -144 304 -144 432 0
w -272 416 -96 416 0
w -96 336 -96 416 0
w -272 384 -224 384 0
w -224 224 -224 384 0
w -96 240 -96 336 0
w -272 336 -96 336 0
w -144 256 -144 304 0
w -272 304 -144 304 0
w -144 224 -144 256 0
w -272 256 -144 256 0
w -224 208 -224 224 0
w -272 224 -224 224 0
150 -272 240 -416 240 0 2 5 5
w -96 128 -96 240 0
w -144 128 -144 224 0
w -224 128 -224 208 0
150 -272 400 -416 400 0 2 0 5
150 -272 320 -416 320 0 2 0 5
154 -432 496 -800 496 0 3 0 5
152 -448 320 -816 320 0 3 5 5
152 -1312 384 -1680 384 0 3 5 5
154 -1296 560 -1664 560 0 3 0 5
150 -1136 384 -1280 384 0 2 5 5
150 -1136 464 -1280 464 0 2 0 5
w -1088 192 -1088 272 0
w -1008 192 -1008 288 0
w -960 192 -960 304 0
150 -1136 304 -1280 304 0 2 0 5
w -1136 288 -1088 288 0
w -1088 272 -1088 288 0
w -1136 320 -1008 320 0
w -1008 288 -1008 320 0
w -1136 368 -1008 368 0
w -1008 320 -1008 368 0
w -1136 400 -960 400 0
w -960 304 -960 400 0
w -1088 288 -1088 448 0
w -1136 448 -1088 448 0
w -960 400 -960 480 0
w -1136 480 -960 480 0
w -1008 368 -1008 496 0
w -1088 448 -1088 496 0
w -960 480 -960 496 0
w -1296 544 -1088 544 0
w -1296 560 -1008 560 0
w -1296 576 -960 576 0
w -960 496 -960 576 0
w -1008 496 -1008 560 0
w -1088 496 -1088 544 0
w -1280 304 -1312 368 0
w -1280 384 -1312 384 0
w -1280 464 -1312 400 0
w -1664 560 -1664 688 0
w -960 192 -960 80 0
152 -2224 400 -2592 400 0 3 5 5
154 -2208 576 -2576 576 0 3 0 5
150 -2048 400 -2192 400 0 2 5 5
150 -2048 480 -2192 480 0 2 0 5
w -2000 208 -2000 288 0
w -1920 208 -1920 304 0
w -1872 208 -1872 320 0
150 -2048 320 -2192 320 0 2 0 5
w -2048 304 -2000 304 0
w -2000 288 -2000 304 0
w -2048 336 -1920 336 0
w -1920 304 -1920 336 0
w -2048 384 -1920 384 0
w -1920 336 -1920 384 0
w -2048 416 -1872 416 0
w -1872 320 -1872 416 0
w -2000 304 -2000 464 0
w -2048 464 -2000 464 0
w -1872 416 -1872 496 0
w -2048 496 -1872 496 0
w -1920 384 -1920 512 0
w -2000 464 -2000 512 0
w -1872 496 -1872 512 0
w -2208 560 -2000 560 0
w -2208 576 -1920 576 0
w -2208 592 -1872 592 0
w -1872 512 -1872 592 0
w -1920 512 -1920 576 0
w -2000 512 -2000 560 0
w -2192 320 -2224 384 0
w -2192 400 -2224 400 0
w -2192 480 -2224 416 0
w -2576 576 -2576 704 0
w -1872 208 -1872 96 0
w -1872 96 -1680 384 0
w -960 80 -816 320 0
w -96 16 80 240 0
w 752 48 752 -336 0
w 800 -64 928 -64 0
w 928 -64 912 -480 0
154 752 -496 752 -336 0 2 0 5
154 -144 -416 -144 -256 0 2 5 5
w -144 128 -144 -256 0
154 -1008 -352 -1008 -192 0 2 5 5
w -1008 192 -1008 -192 0
154 -1920 -336 -1920 -176 0 2 5 5
w -1920 208 -1920 -176 0
w 912 -480 912 -592 0
w 912 -592 768 -592 0
w 768 -496 768 -592 0
w 768 -592 -128 -592 0
w -128 -416 -128 -592 0
w -128 -592 -976 -592 0
w -992 -352 -976 -592 0
w -976 -592 -1904 -592 0
w -1904 -336 -1904 -592 0
w -2000 208 -2512 -912 0
w -1088 192 -2288 -960 0
w -224 128 -1936 -1072 0
w 672 48 -1664 -1168 0
w 736 -496 1472 -1280 0
w -160 -416 1360 -1312 0
w -1024 -352 768 -1376 0
w -1952 -336 432 -1552 0
w 912 -592 1520 -544 0
L 1520 -544 1920 -512 0 1 false 5 0
L 1472 -1280 1808 -1376 0 1 false 5 0
L 1360 -1312 1488 -1456 0 0 false 5 0
L 768 -1376 1104 -1568 0 0 false 5 0
L 432 -1552 800 -1744 0 0 false 5 0
L -1664 -1168 -1760 -1376 0 0 false 5 0
L -1936 -1072 -2048 -1328 0 1 false 5 0
L -2288 -960 -2368 -1248 0 0 false 5 0
L -2512 -912 -2592 -1232 0 0 false 5 0
w -1936 -336 -1952 -336 0
w -800 496 -800 624 0
x -803 -1285 -378 -1282 4 50 4BITS\sADER-SUB\s
x 1985 -512 2034 -509 4 24 SUB
x 1865 -1381 1894 -1378 4 24 A1
x 1498 -1513 1527 -1510 4 24 A2
x 1142 -1632 1171 -1629 4 24 A3
x 837 -1803 866 -1800 4 24 A4
x -1842 -1470 -1813 -1467 4 24 B1
x -2144 -1420 -2115 -1417 4 24 B2
x -2444 -1352 -2415 -1349 4 24 B3
x -2721 -1338 -2692 -1335 4 24 B4
