$ 1 0.000005 10.20027730826997 50 5 43 5e-11
156 -1024 -128 -768 -128 0 5
156 -832 -128 -672 -128 0 5
156 -624 -128 -464 -128 0 0
156 -432 -128 -304 -128 0 0
w -928 -128 -832 -96 0
w -736 -128 -624 -96 0
w -528 -128 -432 -96 0
w -832 -128 -848 -128 0
w -848 -128 -848 -64 0
w -832 -64 -848 -64 0
w -624 -128 -640 -128 0
w -640 -128 -640 -64 0
w -640 -64 -624 -64 0
w -432 -128 -448 -128 0
w -448 -128 -448 -64 0
w -448 -64 -432 -64 0
w -1024 -128 -1056 -128 0
w -1056 -128 -1056 -64 0
w -1056 -64 -1024 -64 0
w -1024 -96 -1120 -96 0
x -1258 -81 -1212 -78 4 24 CLK
w -1056 -128 -1056 -288 0
w -1056 -288 -864 -288 0
w -848 -128 -848 -288 0
w -864 -288 -848 -288 0
w -640 -128 -640 -288 0
w -848 -288 -640 -288 0
w -448 -128 -448 -288 0
w -640 -288 -448 -288 0
L -1056 -288 -1120 -368 0 1 false 5 0
w -928 -128 -928 16 0
w -736 -128 -736 0 0
w -528 -128 -528 0 0
w -336 -128 -336 0 0
R -1120 -96 -1248 -160 0 2 120 5 5 0 0.5
x -958 105 -929 108 4 24 A1
x -769 103 -740 106 4 24 A2
x -556 108 -527 111 4 24 A3
x -367 107 -338 110 4 24 A4
x -912 -388 -512 -385 4 50 4BITS\sCOUNTER
x -1166 -407 -1130 -404 4 24 ON
