$ 1 0.000005 10.20027730826997 50 5 43 5e-11
155 -784 -272 -640 -272 1026 5
155 -560 -272 -384 -272 1026 0
155 -304 -272 -144 -272 1026 5
155 -80 -272 96 -272 1026 0
x 435 -357 1071 -354 4 50 4\sBITS\sBUFFER\sREGISTER
x -672 -1031 -644 -1028 4 24 T4
x 264 -841 329 -838 4 24 LOAD
w -464 -272 -464 -400 0
w -688 -272 -688 -384 0
w -208 -272 -208 -368 0
w 16 -272 16 -368 0
152 -688 -528 -688 -384 0 2 5 5
152 -464 -528 -464 -400 0 2 0 5
152 -208 -528 -208 -368 0 2 5 5
152 16 -512 16 -368 0 2 0 5
150 -752 -688 -752 -576 0 2 5 5
150 -640 -688 -640 -576 0 2 0 5
150 -528 -688 -528 -560 0 2 0 5
150 -416 -688 -416 -560 0 2 0 5
150 -256 -688 -256 -560 0 2 5 5
150 -144 -688 -144 -560 0 2 0 5
150 -32 -688 -32 -544 0 2 0 5
150 64 -688 64 -560 0 2 0 5
w 64 -560 32 -512 0
w -32 -544 0 -512 0
w -144 -560 -192 -528 0
w -256 -560 -224 -528 0
w -416 -560 -448 -528 0
w -528 -560 -480 -528 0
w -640 -576 -672 -528 0
w -752 -576 -704 -528 0
w -304 -272 -304 -720 0
w -304 -720 -272 -720 0
w -272 -720 -272 -688 0
w -560 -272 -560 -704 0
w -560 -704 -544 -704 0
w -544 -704 -544 -688 0
w -784 -272 -816 -272 0
w -816 -272 -816 -720 0
w -816 -720 -768 -720 0
w -768 -720 -768 -688 0
w -80 -272 -80 -720 0
w -80 -720 -48 -720 0
w -48 -720 -48 -688 0
w 48 -688 48 -768 0
w -160 -688 -160 -768 0
w -432 -688 -432 -752 0
w -656 -688 -656 -768 0
w 48 -768 48 -960 0
w -160 -768 -160 -944 0
w -432 -752 -432 -944 0
w -656 -768 -656 -944 0
w 80 -688 80 -800 0
w -128 -688 -128 -800 0
w -400 -688 -400 -800 0
w -624 -688 -624 -800 0
w -624 -800 -400 -800 0
w -400 -800 -128 -800 0
w -128 -800 80 -800 0
w 80 -800 160 -800 0
w 160 -800 240 -800 0
L 240 -800 320 -800 0 0 false 5 0
w -16 -688 -16 -864 0
w -736 -688 -736 -864 0
w 160 -800 160 -864 0
I 160 -864 -16 -864 0 0.5 5
w -16 -864 -224 -864 0
w -240 -688 -240 -864 0
w -240 -864 -224 -864 0
w -240 -864 -512 -864 0
w -512 -688 -512 -864 0
w -512 -864 -736 -864 0
x -448 -1031 -420 -1028 4 24 T3
x -176 -1031 -148 -1028 4 24 T2
x 32 -1024 60 -1021 4 24 T1
L -656 -944 -656 -992 2 1 false 5 0
L -432 -944 -432 -992 2 0 false 5 0
L -160 -944 -160 -992 2 1 false 5 0
L 48 -960 48 -992 2 0 false 5 0
w 16 -208 16 -64 0
w -208 -208 -208 -64 0
w -208 -64 -208 -16 0
w 16 -64 16 -16 0
w -464 -208 -464 -16 0
w -208 -16 16 -16 0
w -208 -16 -464 -16 0
w -464 -16 -688 -16 0
w -688 -208 -688 -16 0
w 16 -16 160 -16 0
x 227 34 275 37 4 24 CLR
L 160 -16 240 -16 0 0 false 5 0
w -688 -240 -624 -240 0
w -624 -240 -624 -64 0
w -464 -240 -432 -240 0
w -432 -240 -432 -80 0
w -624 -64 -432 -64 0
w -432 -80 -432 -64 0
w -208 -240 -176 -240 0
w -176 -240 -176 -64 0
w -432 -64 -176 -64 0
w 16 -240 48 -240 0
w 48 -240 48 -80 0
w -176 -64 48 -64 0
w 48 -80 48 -64 0
w 48 -64 160 -64 0
R 160 -64 288 -64 0 2 40 5 0 0 0.5
x 250 -111 296 -108 4 24 CLK
w -560 -272 -592 -272 0
w -816 -272 -816 96 0
w -592 -272 -592 80 0
w -304 -272 -352 -272 0
w -352 -272 -352 96 0
w -80 -272 -112 -272 0
w -112 -272 -112 112 0
180 -112 112 -112 272 0 0.1 10000000000 100000000
w -128 192 -368 192 0
w -368 192 -608 192 0
w -608 192 -832 192 0
180 -352 96 -352 288 0 0.1 10000000000 100000000
180 -592 80 -592 304 0 0.1 10000000000 100000000
180 -816 96 -816 288 0 0.1 10000000000 100000000
w -128 192 192 192 0
L 192 192 288 192 0 1 false 5 0
x 275 226 369 229 4 24 ENABLE
w -592 304 -592 512 0
w -816 288 -816 416 0
w -816 416 64 416 0
w -832 544 -592 544 0
w -592 512 -592 544 0
w -592 544 -352 544 0
w -352 544 -112 544 0
w -112 544 64 544 0
w -352 288 -352 656 0
w -352 656 -832 672 0
w -352 656 80 656 0
w -112 272 -112 736 0
w -112 736 -816 752 0
w -112 736 80 736 0
w -816 416 -848 416 0
w -832 544 -848 544 0
w -832 672 -848 672 0
w -816 752 -848 752 0
w 64 416 1200 416 0
w 64 544 1200 544 0
w 80 656 1216 656 0
w 80 736 1232 736 0
x 8 390 38 393 4 24 D4
x 7 522 37 525 4 24 D3
x 5 636 35 639 4 24 D2
x 5 719 35 722 4 24 D1
x -300 602 -186 605 4 35 W\sBUS
