$ 1 0.000005 10.20027730826997 50 5 43 5e-11
I 48 64 48 224 0 0.5 5
I -80 64 -80 224 0 0.5 5
I -224 64 -224 224 0 0.5 5
I -384 64 -384 256 0 0.5 5
w -384 64 -432 64 0
w -224 64 -288 64 0
w -80 64 -144 64 0
w 48 64 -16 64 0
w -432 64 -432 16 0
w -288 64 -288 0 0
w -144 64 -144 0 0
w -16 64 -16 0 0
w -144 64 -144 480 0
w -16 64 -16 480 0
w -288 64 -288 480 0
w -432 64 -432 496 0
150 96 368 720 368 0 4 0 5
w 96 400 48 400 0
w 48 224 48 400 0
w 96 384 -80 384 0
w -80 224 -80 384 0
w 96 352 -224 352 0
w -224 224 -224 352 0
w 96 336 -384 336 0
w -384 256 -384 336 0
w -384 336 -384 496 0
w -224 352 -224 480 0
w -80 384 -80 480 0
w 48 400 48 480 0
L -16 0 -16 -160 2 0 false 5 0
L -144 0 -144 -176 2 1 false 5 0
L -288 0 -288 -160 1 0 false 5 0
L -432 16 -432 -160 1 0 false 5 0
150 64 576 752 576 0 4 0 5
w 48 480 48 608 0
w 64 608 -16 608 0
w -16 480 -16 608 0
w 64 592 -80 592 0
w 48 608 48 656 0
w -144 480 -144 560 0
w -80 480 -80 592 0
w 64 560 -224 560 0
w -224 480 -224 560 0
w -144 560 -144 672 0
w -80 592 -80 672 0
w -16 608 -16 656 0
w -288 480 -288 656 0
w -224 560 -224 672 0
w -288 656 -288 672 0
w 64 544 -384 544 0
w -384 496 -384 544 0
w -384 544 -384 688 0
w -432 496 -432 688 0
150 64 816 768 816 0 4 5 5
w 48 656 48 848 0
w 64 848 48 848 0
w 64 832 -144 832 0
w -144 672 -144 832 0
w -80 672 -80 864 0
w -16 656 -16 864 0
w 64 800 -224 800 0
w -224 672 -224 800 0
w 64 784 -384 784 0
w -384 688 -384 784 0
w -288 672 -288 864 0
w -224 800 -224 848 0
w -144 832 -144 864 0
w -432 688 -432 880 0
w -384 784 -384 880 0
d 720 368 752 448 2 default
d 1200 368 1232 432 2 default
w 720 368 1200 368 0
w 752 448 752 240 0
w 752 448 752 896 0
w 1200 368 1344 368 0
w 1264 224 1264 432 0
w 1232 432 1264 432 0
w 1264 432 1264 528 0
d 848 576 880 656 2 default
d 1056 576 1104 640 2 default
w 880 656 880 272 0
w 880 272 880 240 0
w 1104 640 1104 240 0
w 752 576 848 576 0
w 848 576 1056 576 0
w 1264 528 1264 576 0
w 1056 576 1376 576 0
d 768 816 880 848 2 default
d 1056 816 1104 864 2 default
d 1216 816 1264 864 2 default
w 1264 576 1264 864 0
w 1104 640 1104 864 0
w 880 656 880 848 0
w 768 816 1056 816 0
w 1056 816 1216 816 0
w 1216 816 1408 816 0
w 1264 864 1264 912 0
w 1104 864 1104 944 0
w 880 848 880 944 0
x 928 483 1070 486 4 24 ROM\sMemori
x -204 -240 -151 -237 4 24 MAR
